41 467 34 400 269 424 678 558 862 164 305 245 781 627 61 491 295 242 327 36 891 204 302 153 292 682 321 716 818 95 47 126 371 738 69 112 467 199 835 894 803 411 722 633 573 164 741 511 353 568 347 644 262 357 237 259 623 741 529 778 616 335 590 42 288 406 40 842 364 148 446 405 590 429 70 50 606 501 93 848 729 23 684 154 756 140 466 176 431 208 744 39 326 523 137 838 818 282 429 341 
333 515 139 858 204 30 477 506 173 786 521 845 824 172 870 429 677 273 597 312 586 690 161 636 755 467 255 274 431 352 350 250 741 124 466 730 507 491 7 537 157 587 753 483 545 809 709 758 821 588 122 646 506 430 213 368 0 191 762 755 310 59 624 737 848 183 595 441 2 50 391 236 374 220 96 621 348 699 768 184 181 234 53 199 318 38 600 188 127 467 128 493 348 883 707 621 810 317 313 514 
809 416 35 351 800 749 319 56 298 603 824 208 444 209 589 302 495 685 393 843 823 687 514 503 248 0 858 318 780 896 398 881 689 98 109 157 672 222 538 592 638 779 190 857 758 791 15 388 256 711 2 834 872 255 528 146 262 386 875 533 169 342 444 516 281 498 422 651 121 299 857 576 892 89 575 812 800 710 303 769 761 288 801 789 855 223 502 685 782 385 88 826 717 357 832 332 569 354 521 89 
176 729 568 792 725 655 734 349 241 512 445 60 118 153 839 723 79 796 487 829 49 337 66 349 193 695 597 616 386 805 188 82 755 534 114 1 716 871 386 563 713 55 585 253 12 8 32 245 713 756 421 658 246 82 481 544 696 422 829 361 135 650 373 566 344 59 192 339 153 224 54 710 245 849 586 213 874 122 368 518 787 5 858 191 302 25 377 814 314 624 534 674 72 359 133 170 287 397 318 77 
673 770 863 868 92 485 402 380 413 427 302 499 827 825 643 124 223 272 461 681 403 432 405 593 225 431 392 142 122 686 464 700 287 260 813 374 770 370 235 233 811 560 896 167 85 850 140 194 895 24 119 325 476 94 158 202 271 866 178 93 451 284 118 564 419 652 100 87 460 126 10 257 670 515 576 527 343 258 864 609 682 886 765 787 777 74 825 427 229 428 223 620 602 562 123 296 137 661 295 125 
364 160 802 16 530 526 211 171 111 347 453 820 90 524 488 163 440 151 662 329 300 613 58 478 265 407 677 300 858 139 503 160 457 524 177 608 413 487 1 350 60 828 393 384 505 240 511 804 235 856 672 550 823 85 756 716 726 357 426 757 537 771 469 561 296 422 817 212 117 696 785 641 123 729 829 65 259 832 696 155 353 762 884 34 354 772 757 869 32 263 807 683 11 835 167 348 175 338 423 542 
354 211 241 375 759 725 521 770 726 434 805 283 450 298 679 201 493 134 737 434 156 193 276 505 662 648 581 300 13 441 55 555 542 662 611 277 624 278 852 443 396 73 140 313 875 272 218 610 117 532 212 95 569 431 240 388 785 190 597 789 790 745 453 414 651 640 444 458 335 659 392 405 64 481 603 229 375 808 492 597 449 756 361 127 167 741 29 640 813 374 801 677 415 583 113 592 624 201 892 459 
870 328 127 484 175 786 198 670 887 447 204 503 521 163 306 563 10 571 489 240 464 342 419 213 391 404 318 232 750 5 475 639 303 622 398 447 84 148 271 764 413 275 845 812 446 678 869 862 419 485 389 644 165 540 745 308 418 870 601 423 432 172 152 787 670 63 201 3 23 827 800 869 515 165 28 843 147 288 243 37 809 363 549 181 688 542 608 560 521 858 254 188 646 690 749 243 730 420 748 67 
36 83 35 726 785 738 853 429 424 448 123 659 757 466 444 555 818 326 211 325 555 401 49 496 584 515 864 842 875 813 842 596 348 772 626 206 73 129 4 405 826 112 475 393 365 736 336 341 214 594 156 352 536 238 682 455 315 231 230 741 225 211 237 586 790 750 262 34 93 453 716 852 508 62 633 54 103 434 203 756 148 324 617 613 109 628 400 380 618 658 650 755 761 864 203 76 843 809 502 861 
589 648 382 153 74 420 2 623 231 469 278 459 108 119 571 303 345 781 404 692 285 113 398 189 122 538 137 110 861 834 808 61 359 193 615 69 637 69 58 300 471 164 717 15 255 615 330 339 512 488 182 154 785 10 184 474 280 115 751 241 115 779 10 698 573 788 577 132 256 789 13 108 341 490 823 663 28 884 478 0 571 85 374 171 533 367 53 795 668 125 676 329 750 798 609 193 186 380 216 549 
567 628 579 664 621 305 726 516 316 726 766 287 681 164 440 286 621 862 321 664 509 615 802 173 24 541 345 262 523 531 306 568 318 202 407 7 81 112 436 530 714 709 484 156 590 593 296 352 154 145 308 248 291 212 631 414 239 758 422 4 695 152 69 279 238 323 18 66 559 98 586 496 262 533 458 322 246 392 437 325 747 658 302 207 498 830 492 200 78 99 352 648 382 540 415 75 662 567 736 397 
818 97 628 351 716 830 849 725 658 229 220 140 760 747 862 755 875 792 761 254 198 646 614 846 488 669 538 663 675 215 721 475 315 728 634 870 5 464 657 162 661 824 849 369 330 423 450 833 425 110 837 136 337 378 693 436 114 264 91 149 235 705 737 104 137 823 764 70 408 868 381 785 152 373 752 94 876 426 496 372 849 240 374 819 43 211 141 489 319 165 205 385 16 850 715 809 264 166 693 774 
9 600 795 573 289 561 572 868 358 831 168 526 610 522 174 679 310 152 582 191 195 364 874 464 502 355 860 474 672 721 22 347 877 789 405 495 594 750 143 754 681 112 872 39 828 512 762 567 108 815 108 123 59 334 704 686 719 58 545 706 66 700 567 592 187 632 856 374 747 521 283 122 531 576 683 848 123 882 418 376 220 511 682 456 590 825 724 186 777 669 843 334 377 168 468 391 696 583 628 527 
626 571 797 512 703 227 608 145 508 885 538 837 343 613 1 750 828 311 250 249 392 554 569 681 465 467 613 893 634 272 272 330 601 542 677 377 570 702 864 481 390 723 437 823 679 395 369 527 342 710 282 258 726 487 770 128 251 458 13 860 583 586 42 510 872 828 434 441 18 803 467 565 138 81 257 250 714 598 558 861 863 356 107 478 589 535 65 575 386 486 633 260 730 848 828 692 733 440 466 835 
10 799 137 292 482 128 552 569 644 194 308 252 847 332 535 8 564 797 743 649 415 741 189 800 12 48 523 51 174 733 191 200 54 90 497 419 680 78 331 144 640 887 899 25 383 138 292 793 352 711 660 534 40 897 85 529 40 805 891 792 610 49 878 879 371 277 73 393 720 797 326 676 890 282 78 359 618 389 159 749 324 72 480 8 67 308 177 503 70 207 696 374 222 11 119 861 256 290 563 483 
216 132 252 41 454 513 162 496 160 815 104 799 336 180 198 32 887 184 40 817 806 570 241 882 49 823 258 405 821 895 96 16 378 278 79 758 577 150 507 329 681 295 878 376 753 199 84 265 393 108 772 443 229 314 268 555 391 573 822 448 251 186 344 246 77 417 229 216 474 491 169 412 46 93 91 815 849 757 840 852 236 451 487 626 262 755 683 294 480 797 365 65 713 261 878 378 678 640 111 447 
645 170 275 889 450 749 633 365 614 182 7 432 796 167 622 382 310 541 31 387 405 179 21 238 751 547 808 646 676 559 489 722 666 386 755 228 814 360 453 77 748 803 61 831 282 755 697 506 652 521 196 181 821 155 647 124 318 135 576 874 159 698 374 253 622 735 743 88 53 632 247 780 126 478 150 401 661 699 155 263 316 673 61 745 173 374 650 53 281 687 899 110 643 365 872 729 81 312 876 781 
147 790 471 705 872 332 389 320 665 131 658 493 106 478 748 406 171 166 696 497 420 294 229 388 409 884 269 178 17 415 426 84 168 806 728 397 218 90 799 85 86 299 720 10 271 513 415 685 318 880 431 67 287 844 686 107 760 727 174 331 852 571 368 193 85 337 711 504 77 406 568 222 513 500 542 437 338 688 155 689 147 481 493 384 187 861 693 117 501 382 647 365 853 504 684 195 25 521 364 181 
372 6 56 643 93 80 780 468 711 213 268 551 216 379 868 840 31 333 379 863 559 553 36 295 65 174 520 735 480 876 455 325 471 508 59 156 202 732 705 540 175 862 385 362 380 36 897 602 608 180 840 376 58 893 540 446 674 473 197 780 835 272 0 707 455 866 541 188 781 68 415 496 25 109 412 136 655 762 743 742 21 822 212 248 818 368 317 714 550 690 635 159 469 295 803 140 379 799 305 491 
661 581 52 653 633 529 687 742 153 283 620 514 318 544 463 29 852 864 269 770 605 347 694 787 26 576 623 240 479 590 188 410 471 845 421 570 383 189 555 478 479 506 662 335 87 196 233 288 335 879 693 390 662 65 201 205 107 267 869 434 271 557 398 845 97 718 738 444 172 463 328 464 1 323 890 404 101 827 397 292 871 563 501 763 521 865 321 45 610 495 541 622 312 351 515 855 693 638 879 82 
708 54 222 307 845 438 144 690 739 654 304 123 625 278 124 481 530 33 323 794 330 846 487 645 805 516 350 689 338 363 235 297 709 30 724 108 637 174 420 372 393 255 434 561 456 606 84 775 482 619 441 732 384 179 579 283 867 236 725 718 137 28 619 777 837 591 756 295 760 301 693 732 336 80 475 507 484 174 619 690 676 341 651 229 90 474 572 891 489 487 890 539 493 353 863 781 703 5 776 479 
795 739 68 498 383 239 715 621 293 526 422 438 528 881 99 878 191 123 843 534 743 149 2 607 702 841 787 246 591 337 413 600 316 190 562 835 326 510 77 582 160 189 605 374 863 22 695 66 160 638 588 611 345 467 25 767 589 642 463 847 802 817 99 723 126 603 348 351 670 536 458 767 356 405 731 262 719 775 656 331 895 844 891 703 688 15 250 619 872 591 583 233 875 342 169 300 854 378 885 457 
133 893 590 203 250 133 822 871 711 90 638 41 758 147 552 658 479 102 283 90 102 268 822 695 735 8 661 542 594 299 688 378 442 757 541 47 269 145 780 413 564 510 261 185 273 504 462 303 202 269 654 829 52 574 249 130 444 44 449 618 665 263 652 873 470 31 447 311 469 898 598 803 352 479 153 443 122 488 663 634 850 822 40 311 492 251 680 177 616 176 278 720 215 748 698 679 135 657 183 762 
2 362 520 870 122 273 641 86 88 317 217 92 198 467 49 65 489 632 419 781 203 330 428 631 189 652 630 272 64 107 595 228 881 490 510 77 471 36 159 843 640 633 37 493 130 474 393 882 703 361 190 762 707 297 551 423 790 517 340 803 166 383 261 159 245 586 251 365 701 640 109 597 283 450 58 321 175 881 687 571 687 99 804 679 338 800 530 661 418 205 340 828 159 822 898 160 98 335 581 14 
667 493 696 261 546 638 470 738 776 855 617 171 560 352 258 133 755 265 726 601 334 159 493 848 273 792 893 333 437 3 90 311 194 368 227 298 89 848 279 847 349 331 669 275 398 249 236 299 323 543 831 154 361 834 385 567 16 593 504 166 353 608 323 684 192 167 148 69 430 211 14 790 27 343 704 699 274 895 506 658 489 858 809 789 647 40 218 364 875 26 789 703 366 312 540 870 276 195 741 286 
551 409 87 283 385 890 650 686 255 581 228 302 877 262 324 865 272 832 285 28 346 189 178 83 625 565 660 545 78 421 355 720 327 473 834 251 175 736 134 301 37 310 574 390 556 171 580 135 645 182 25 718 73 212 437 498 5 862 817 592 639 147 146 203 531 715 839 658 129 845 694 99 745 772 675 262 572 273 680 438 797 842 808 303 777 725 334 501 78 382 369 36 478 839 438 721 826 763 777 875 
424 781 700 761 62 702 448 795 684 616 737 507 493 584 244 559 821 758 343 568 777 119 157 541 791 64 723 615 872 829 841 215 515 836 557 759 700 852 593 841 129 748 727 98 24 424 574 133 385 638 470 562 229 584 209 478 623 85 600 524 693 605 412 465 367 107 777 284 704 390 834 91 621 85 734 890 742 898 486 518 321 724 97 676 854 869 108 327 793 868 66 102 638 0 19 818 490 584 139 756 
608 132 778 714 287 39 174 720 27 754 188 241 598 142 102 121 404 446 756 509 133 608 861 233 886 404 285 242 842 160 561 120 743 578 287 113 463 91 534 615 656 61 712 511 259 51 738 770 24 107 807 484 151 601 89 658 141 890 813 712 455 360 793 372 202 276 43 173 866 651 875 828 532 861 69 103 329 7 892 651 853 492 70 19 572 7 894 505 540 583 762 709 707 38 760 71 371 854 247 714 
123 529 489 466 787 56 532 270 539 866 422 83 60 453 405 91 359 186 187 129 42 417 445 656 788 252 454 766 133 760 819 431 438 567 576 398 14 120 453 607 269 816 722 42 207 163 160 347 293 730 717 543 776 114 426 17 434 820 671 692 864 254 866 293 64 375 400 512 400 351 276 79 143 777 189 361 585 172 634 744 761 363 104 346 488 508 457 530 623 164 474 746 337 181 118 511 92 491 232 123 
161 791 861 330 598 269 191 300 679 717 517 114 695 541 536 267 728 853 9 473 881 703 469 516 83 167 885 502 730 57 781 267 210 66 87 571 777 645 364 838 671 247 15 92 311 257 505 53 871 780 240 30 175 20 590 777 198 386 4 889 731 44 288 510 718 819 259 527 209 219 779 216 0 696 653 658 130 293 206 149 454 872 60 594 354 233 146 629 571 528 659 641 621 188 166 333 585 470 129 761 
360 408 882 562 106 578 279 97 687 238 69 183 440 295 66 633 9 257 517 34 553 135 558 793 743 93 266 451 140 294 337 674 712 697 551 895 217 92 592 437 530 613 96 110 889 228 409 886 244 840 82 669 720 393 892 562 714 827 707 594 605 313 711 13 393 764 103 195 662 881 846 209 148 168 524 11 754 635 227 233 340 62 727 577 417 540 242 700 500 258 776 454 135 230 431 595 837 323 822 227 
129 511 11 54 780 553 593 621 85 428 543 400 655 371 270 252 375 231 140 834 40 786 34 748 639 865 196 412 62 752 131 587 164 157 748 756 370 50 182 101 693 699 832 144 831 75 404 150 626 566 38 1 723 343 441 680 795 718 59 463 28 29 188 54 513 679 569 666 479 577 837 702 615 792 823 172 648 623 353 648 95 897 8 408 311 493 465 681 502 510 528 256 705 865 23 69 15 453 305 284 
678 645 240 833 385 800 168 594 433 385 348 281 32 56 210 72 882 501 606 735 760 71 727 837 243 768 333 395 371 403 142 11 679 434 112 293 530 661 734 358 326 506 691 43 788 527 319 384 724 193 735 624 194 882 767 527 405 346 286 389 740 237 350 759 578 156 277 603 142 0 511 725 443 895 316 515 4 306 468 141 635 698 425 413 123 712 318 457 396 239 386 594 646 43 22 311 80 55 258 747 
70 90 273 727 713 754 396 772 150 141 141 246 125 313 624 829 595 203 894 793 867 587 140 779 141 125 834 360 500 407 221 692 93 617 517 603 343 793 739 211 825 628 178 848 150 392 344 754 223 53 336 47 646 826 761 304 338 471 786 205 799 456 28 367 151 219 191 166 317 646 893 487 521 412 567 399 44 197 301 628 642 804 868 68 541 96 462 820 544 18 625 519 484 174 184 559 549 814 295 803 
532 351 637 714 263 151 319 890 717 83 418 484 252 886 669 148 437 597 424 668 227 248 493 482 471 669 893 177 114 204 484 243 695 711 393 92 498 190 499 490 393 274 649 274 314 373 669 418 765 633 838 111 652 163 208 849 588 545 831 420 206 371 668 121 858 557 647 482 238 722 623 6 706 289 356 645 651 623 818 50 297 136 691 806 10 613 251 680 844 443 541 445 178 449 105 214 885 227 524 104 
456 517 827 555 202 786 568 898 879 711 789 858 890 175 510 32 89 296 250 612 322 829 472 636 277 153 476 770 85 252 851 697 851 201 435 493 672 816 416 128 611 625 138 296 39 744 156 226 302 658 288 321 86 608 77 28 379 847 849 380 645 828 562 526 219 777 291 447 285 731 206 584 354 569 309 56 821 645 865 716 260 297 335 690 277 149 305 686 888 675 543 277 230 587 455 882 53 600 754 289 
88 15 308 710 40 799 297 707 354 304 137 585 799 192 813 212 682 383 51 829 37 533 400 364 283 157 868 810 368 208 841 732 737 884 99 301 169 683 456 792 440 387 612 310 420 435 763 715 697 677 74 234 553 633 78 486 424 34 75 49 112 884 24 792 204 22 455 13 462 173 284 760 522 853 497 122 850 637 417 406 431 597 505 436 457 299 390 98 85 747 184 592 725 896 155 528 38 242 28 95 
142 337 106 467 553 793 605 746 9 424 54 665 539 106 809 192 299 175 436 561 147 318 713 627 412 896 309 841 330 90 34 715 886 823 866 444 336 437 16 493 149 371 44 277 385 100 190 385 425 18 468 106 729 608 141 225 236 280 716 770 84 847 528 36 804 800 323 264 511 740 250 704 83 166 841 870 45 606 88 756 807 166 457 178 699 74 655 891 890 132 258 196 817 390 367 807 134 346 662 502 
139 726 195 306 214 450 86 779 676 622 579 801 512 276 464 157 170 638 12 244 361 280 200 43 256 61 847 539 8 290 352 79 218 719 607 684 247 277 375 613 709 771 742 139 36 221 801 834 129 658 536 569 397 604 298 602 605 338 632 265 816 81 279 23 827 871 713 482 740 516 588 19 189 113 259 151 771 783 764 38 312 484 159 101 574 833 559 714 649 295 622 241 616 77 152 565 91 138 710 267 
655 287 224 222 239 441 348 704 834 468 841 772 268 174 276 637 833 541 345 18 415 474 352 846 856 324 666 281 44 740 534 896 176 727 305 218 691 141 865 891 871 859 300 417 216 143 224 864 5 257 2 466 275 546 532 89 646 345 603 552 401 226 353 484 749 650 505 46 125 170 836 295 793 523 132 56 596 510 676 292 150 890 295 352 250 215 136 561 160 84 629 734 650 182 606 136 384 890 17 382 
166 616 88 425 501 210 150 182 721 693 38 554 93 495 480 238 867 320 745 683 465 396 233 490 132 389 739 383 317 529 453 779 613 700 152 745 61 351 418 163 613 507 754 876 617 411 229 464 666 631 242 798 622 555 587 857 658 864 262 410 346 465 280 565 546 40 297 842 64 694 884 370 315 700 306 606 702 396 733 411 167 415 345 475 54 48 619 479 88 221 392 97 597 9 552 71 658 622 759 797 
199 99 520 420 536 784 412 115 553 585 41 299 767 608 544 469 881 379 408 107 759 506 449 675 126 324 607 674 184 328 246 445 681 14 349 768 738 507 693 104 205 797 217 655 441 543 33 597 679 36 655 433 154 30 352 104 479 788 570 254 872 676 601 115 86 631 380 175 560 714 838 457 590 538 181 147 742 318 770 431 661 219 881 290 233 572 663 602 502 828 121 598 847 145 506 422 586 394 177 244 
683 847 640 485 264 223 537 453 168 230 855 566 358 12 856 618 601 142 576 6 302 784 623 570 212 150 875 511 750 295 88 720 1 383 498 892 848 484 545 487 62 443 258 659 771 516 72 332 141 583 788 415 476 516 298 39 683 505 197 346 369 275 17 387 620 630 342 135 889 573 780 373 877 786 281 285 522 345 279 785 413 335 835 283 386 796 848 285 352 521 260 382 336 488 119 136 692 65 378 598 
896 286 311 176 347 421 702 45 402 664 39 772 457 570 320 154 459 280 98 891 560 810 791 667 433 775 436 799 675 590 876 656 472 3 586 267 515 142 95 866 456 686 337 298 26 364 185 165 8 540 460 114 454 12 852 638 606 825 30 449 679 379 213 38 117 321 645 591 169 239 8 365 362 573 281 370 647 53 208 208 515 829 466 689 263 71 141 59 631 172 714 166 788 170 268 599 655 250 844 336 
78 506 627 413 323 871 827 873 61 373 34 502 387 817 863 753 26 795 595 413 606 370 459 805 896 533 823 352 779 819 726 593 85 765 771 144 7 171 687 199 319 496 315 452 892 353 157 590 659 757 86 609 465 486 519 259 713 635 128 501 568 369 456 431 378 874 595 243 674 716 624 811 585 322 871 157 595 74 538 383 558 195 522 783 831 703 432 0 290 780 308 205 302 358 818 657 261 720 528 256 
513 632 592 82 367 520 158 374 387 94 483 664 264 814 646 90 525 155 563 867 392 731 119 180 218 828 148 220 79 591 166 587 408 426 425 559 418 520 135 714 256 747 356 434 660 751 8 878 694 889 424 776 694 490 389 572 219 601 102 544 723 439 809 127 337 86 416 27 769 523 499 14 515 44 36 269 478 176 758 752 846 137 515 488 316 88 582 174 533 315 256 456 362 616 224 429 442 184 372 749 
896 26 482 302 775 16 65 152 759 155 617 344 854 543 524 499 522 121 433 813 117 493 273 360 575 74 585 101 122 608 395 226 620 191 488 129 72 377 293 8 554 22 276 737 216 303 390 712 589 153 279 99 622 402 602 69 54 129 734 738 574 726 263 234 472 48 253 503 507 318 333 437 895 579 661 644 559 161 307 276 872 845 892 472 628 796 511 235 535 329 116 132 656 858 49 320 796 824 520 226 
206 883 745 874 91 488 838 864 104 177 553 242 804 23 452 325 511 842 624 549 335 90 246 128 455 804 241 709 481 179 302 183 692 632 212 899 761 247 805 890 469 259 228 539 528 580 71 178 440 456 548 644 445 825 10 198 416 580 515 664 26 672 479 693 82 305 536 33 305 587 132 338 565 164 118 299 532 408 396 838 578 138 145 459 769 744 362 469 249 418 267 658 643 561 403 190 586 326 3 804 
600 268 423 747 896 66 30 65 52 500 17 373 186 768 97 79 124 628 160 458 25 767 412 734 452 669 762 670 111 435 590 811 264 250 160 345 367 154 187 117 265 242 288 373 115 579 237 388 369 186 330 9 140 121 319 181 126 420 511 654 693 384 557 499 636 829 550 757 5 465 534 349 194 692 670 419 517 513 853 817 477 260 805 153 291 262 876 354 272 334 516 750 193 345 52 47 121 861 44 459 
466 185 39 18 107 768 854 550 232 299 520 535 498 92 316 82 129 116 359 258 83 799 235 257 270 871 742 680 377 706 395 586 603 152 418 535 85 528 478 760 101 249 564 285 626 57 37 341 38 793 896 433 893 68 873 235 209 396 581 861 539 184 723 599 531 149 242 506 550 387 840 269 223 688 267 383 700 358 306 738 563 220 366 458 785 23 429 398 556 70 675 796 783 88 419 246 690 175 669 319 
841 97 445 754 858 558 394 391 741 537 100 632 75 836 338 58 880 85 613 784 753 27 585 626 770 136 581 870 249 448 77 99 635 873 237 251 831 617 733 871 376 329 631 244 542 267 300 328 316 34 499 657 440 581 123 641 831 449 39 299 375 499 863 645 326 201 124 683 189 35 424 895 845 770 683 817 492 852 524 873 740 255 868 470 643 130 456 865 414 280 558 658 24 608 111 367 117 628 490 499 
80 370 290 212 500 64 375 284 782 811 306 868 544 426 236 266 792 688 838 565 212 547 246 759 152 371 556 310 557 766 150 70 545 325 548 474 574 743 429 136 463 216 258 534 101 261 255 215 474 882 239 382 524 200 675 437 76 500 524 564 737 895 525 629 351 88 194 244 106 175 771 190 384 419 179 195 658 607 845 74 338 456 420 732 766 222 457 553 171 655 389 625 829 428 239 627 594 390 848 154 
117 792 130 18 448 656 490 482 43 339 601 793 127 269 693 333 331 892 235 126 442 180 616 461 817 607 520 645 566 421 782 82 6 191 370 215 595 543 63 371 192 535 317 212 481 867 621 752 222 28 230 429 724 599 653 551 294 541 864 283 620 444 688 577 213 702 558 602 353 649 558 375 890 338 523 795 401 105 758 423 887 141 526 730 809 420 35 743 831 474 302 0 571 775 609 130 294 722 36 590 
515 652 654 782 833 888 755 260 845 23 842 259 787 543 47 584 689 168 188 498 580 479 307 13 560 147 146 71 682 644 542 248 436 653 349 388 123 125 251 790 439 546 662 375 524 578 485 203 681 377 250 648 370 494 416 129 26 738 215 772 352 562 121 667 328 765 829 259 682 889 686 719 135 340 666 132 885 522 203 661 196 41 350 532 472 861 270 813 165 445 20 10 628 770 321 896 604 414 99 710 
69 652 735 471 144 130 82 261 295 151 866 83 810 658 172 495 806 314 852 484 205 612 121 41 275 690 425 311 567 882 383 887 893 150 779 268 674 284 229 535 760 705 811 692 824 550 716 860 1 159 509 223 67 100 225 156 240 148 155 7 49 391 760 82 336 519 570 779 825 119 309 501 331 224 607 125 701 583 369 788 464 463 724 334 770 151 497 324 711 267 565 140 679 655 728 761 632 227 460 839 
266 637 548 548 104 748 365 321 533 575 841 114 447 262 554 876 754 58 821 84 788 566 816 256 480 329 237 129 389 843 704 301 584 320 487 636 252 382 628 66 572 393 858 579 183 587 23 397 296 394 801 553 120 803 872 20 132 453 24 533 357 365 32 580 867 766 490 868 226 328 779 644 3 449 833 303 410 540 327 310 527 882 293 87 663 561 765 699 351 318 381 858 203 58 838 878 364 357 272 21 
722 556 67 560 298 143 734 741 619 152 562 311 611 193 305 581 51 560 798 571 542 294 584 835 300 155 555 523 650 388 539 410 817 532 548 610 795 319 248 589 271 551 95 423 37 449 500 107 234 284 77 412 841 104 896 662 837 551 651 32 65 38 445 528 94 126 378 445 628 605 749 857 812 401 899 427 292 753 795 442 67 149 676 755 642 548 403 315 547 273 165 249 137 669 831 770 853 668 152 578 
356 681 95 486 429 731 678 759 652 589 458 438 754 72 608 456 771 147 403 611 674 19 7 505 99 788 661 245 135 292 332 376 167 403 367 899 354 267 312 14 429 393 277 154 612 531 489 826 247 499 689 874 636 312 87 257 203 591 582 129 27 761 52 396 246 783 297 754 732 102 545 676 324 81 595 123 632 443 102 69 582 189 37 899 35 479 754 352 899 450 432 145 793 271 849 90 404 677 505 819 
250 828 428 322 868 685 374 284 351 884 37 115 789 881 174 259 450 46 460 127 633 421 461 818 546 650 563 261 246 58 594 371 845 2 146 620 54 753 460 886 219 835 416 313 735 692 218 265 370 736 425 146 544 612 682 115 605 526 701 773 106 380 93 590 91 814 523 457 0 849 522 685 462 2 368 674 652 448 435 738 262 337 872 892 500 243 419 281 670 891 345 184 114 85 379 99 82 886 119 850 
493 485 316 708 788 499 725 796 769 131 814 702 570 637 498 477 898 551 188 63 253 805 441 567 762 855 581 695 718 772 794 770 738 821 545 123 143 665 218 35 737 99 899 592 854 224 31 166 329 122 756 318 275 792 410 361 532 828 822 349 277 326 548 378 677 738 775 44 725 139 21 40 40 766 281 48 447 51 307 651 410 257 77 409 403 876 640 823 74 154 369 206 85 699 148 530 573 558 616 784 
573 231 104 783 491 222 810 287 864 568 594 579 623 509 157 541 485 377 523 272 728 635 49 817 9 743 267 365 890 291 669 638 404 276 712 191 93 9 820 297 162 828 800 359 42 440 189 694 142 120 786 746 64 686 371 343 466 774 745 88 249 527 354 4 581 746 357 285 814 450 332 273 543 612 532 483 639 568 189 583 809 387 795 645 112 739 335 648 579 607 630 354 701 440 243 818 12 877 523 672 
283 285 886 720 57 302 39 706 576 724 752 437 135 799 716 90 767 706 421 875 20 92 265 347 858 684 831 129 282 305 62 389 623 270 142 282 696 480 169 172 715 751 436 55 774 477 254 429 82 551 869 437 401 376 104 73 761 497 495 325 85 662 429 560 518 273 879 609 662 324 774 482 275 15 543 446 532 168 284 761 72 86 166 689 651 104 133 394 76 598 604 133 468 584 817 264 816 214 566 596 
673 848 710 496 641 591 666 389 420 855 648 351 581 771 325 228 573 854 409 130 638 491 239 553 648 867 854 177 890 597 156 873 889 762 536 629 288 639 485 241 567 120 760 347 181 682 706 289 684 803 360 762 632 592 743 563 723 211 440 692 843 670 319 49 12 776 145 686 756 703 464 298 708 278 638 423 305 811 593 617 43 327 14 90 616 101 639 344 436 212 74 33 40 101 383 435 528 33 437 634 
677 71 622 263 759 240 568 382 48 566 790 527 58 571 406 5 201 234 870 555 407 699 530 475 703 739 94 888 764 573 48 158 480 87 864 313 613 752 170 678 466 104 716 749 477 337 637 559 632 255 505 726 537 466 314 655 390 146 182 735 293 336 546 538 56 103 814 399 341 625 74 624 444 163 249 476 697 834 447 826 243 544 92 861 169 675 539 396 581 71 568 513 666 730 6 109 890 259 184 46 
359 503 606 391 293 596 783 850 457 235 12 367 69 265 103 373 791 716 749 15 418 843 688 697 711 291 174 563 125 707 370 721 527 858 36 275 321 776 899 619 741 711 312 509 235 763 730 414 636 383 432 688 639 305 270 640 868 491 528 485 137 220 524 397 354 803 94 862 465 454 0 802 14 129 594 326 663 528 248 479 651 399 3 442 380 116 890 698 858 830 453 751 762 444 49 585 755 872 289 158 
452 129 240 560 846 727 544 122 736 273 254 333 656 251 191 334 531 722 79 102 376 880 669 888 729 585 402 610 127 774 360 99 742 355 93 465 428 272 484 326 898 723 101 87 488 197 852 275 550 778 655 193 730 206 531 589 765 21 427 64 440 413 689 210 688 263 620 88 421 164 603 754 322 116 454 286 325 524 518 302 420 259 488 82 341 774 200 366 122 354 652 850 616 626 86 302 537 101 801 249 
667 402 665 281 343 510 108 389 858 284 121 206 286 587 771 90 672 618 273 853 381 862 96 313 451 315 704 885 533 864 604 237 653 284 133 772 821 44 70 657 88 729 497 640 123 1 43 476 831 500 348 113 253 511 693 32 451 14 99 216 712 534 249 752 212 241 709 450 180 469 535 62 865 811 217 211 763 721 206 745 843 850 93 664 42 444 533 136 202 325 559 853 207 6 43 429 51 370 395 528 
441 359 520 215 244 578 458 884 538 683 138 137 135 530 882 815 580 221 825 652 204 46 512 404 845 25 344 749 894 429 332 9 716 629 561 133 330 846 132 83 273 739 280 735 687 770 389 429 160 721 697 689 563 744 621 405 115 813 734 799 537 415 664 558 111 283 546 243 337 131 755 551 51 690 752 595 120 661 860 67 873 834 633 891 301 378 187 879 0 315 109 672 761 152 170 323 64 137 450 710 
891 378 843 861 321 18 698 783 733 595 309 372 268 603 264 245 49 50 746 542 844 455 359 768 785 601 768 847 206 487 135 409 464 533 451 240 625 224 46 500 138 831 421 517 224 84 415 544 252 319 670 567 819 674 187 730 745 216 144 199 862 85 815 121 202 641 604 373 833 652 611 529 424 559 83 165 245 450 526 491 797 713 771 286 262 790 184 306 18 22 719 866 18 191 359 566 3 779 798 367 
645 3 330 320 625 634 421 333 35 387 493 327 648 424 292 218 200 144 131 86 695 708 153 797 692 521 119 807 271 522 761 191 452 751 623 165 656 880 661 565 523 600 628 435 53 312 182 476 757 789 592 799 876 661 142 231 660 600 838 380 320 745 329 468 641 762 134 133 770 582 100 160 464 741 799 36 465 533 229 27 254 328 419 584 110 468 117 597 25 206 610 563 548 190 469 844 699 243 255 764 
137 158 106 711 614 147 593 129 487 580 85 664 34 876 515 418 784 547 848 747 155 32 681 237 427 696 459 224 799 353 501 41 804 429 315 865 50 332 383 19 296 139 778 538 741 103 606 120 270 649 305 24 778 87 384 29 139 698 173 138 215 302 641 185 663 611 266 827 583 330 465 382 82 731 335 790 112 556 502 548 213 26 497 64 515 593 407 337 418 138 824 70 383 45 328 859 283 321 837 760 
749 123 283 605 547 513 86 884 9 334 800 170 839 457 268 256 885 192 422 233 335 583 827 199 361 490 35 400 779 473 106 585 145 609 636 181 239 699 401 407 495 619 384 627 555 360 533 152 500 603 188 898 575 769 304 790 843 757 657 519 175 749 190 346 898 567 246 709 380 779 781 707 519 638 25 799 70 514 110 655 832 365 618 220 37 364 709 103 144 550 841 701 644 327 41 210 796 424 783 498 
740 231 670 354 135 203 545 609 114 832 417 830 118 732 13 690 461 132 335 817 545 321 18 205 733 221 846 470 488 294 408 127 735 777 275 205 250 242 354 618 490 724 79 765 354 471 522 444 167 9 610 172 352 574 777 197 70 41 467 641 617 668 765 321 655 527 814 183 337 632 449 262 282 535 692 835 830 734 420 628 888 824 534 33 203 25 722 182 60 865 430 364 23 822 886 108 238 531 665 126 
762 563 278 19 351 641 115 476 468 721 398 687 731 39 239 752 730 674 81 142 118 200 0 834 406 780 790 623 299 68 485 734 255 344 644 108 100 19 818 149 147 380 499 748 684 19 332 840 188 770 397 733 740 822 145 140 27 250 382 447 199 250 630 296 404 131 805 151 382 539 467 70 376 243 856 873 116 257 386 366 633 43 72 14 598 671 837 461 209 220 186 227 541 53 623 128 91 297 799 81 
223 710 71 578 593 690 53 534 866 847 613 422 845 774 88 322 877 419 683 666 105 94 446 224 841 489 98 197 366 160 591 873 265 505 706 338 196 518 362 44 126 815 393 423 869 224 618 169 772 770 161 115 825 229 594 637 795 230 349 800 801 894 561 703 592 459 448 306 213 169 339 555 261 851 810 277 376 39 122 502 724 496 549 623 412 623 314 871 608 720 81 556 798 449 645 797 566 443 548 292 
31 304 795 294 50 249 151 181 98 245 175 245 84 733 700 899 867 797 809 841 131 899 398 174 87 759 662 845 429 159 324 767 466 368 627 294 49 296 742 823 396 17 111 268 348 481 433 674 388 284 468 568 625 804 344 321 560 411 522 151 600 442 630 725 530 551 620 298 627 880 105 682 725 14 412 804 492 409 538 705 766 466 671 380 664 541 626 686 135 133 751 824 576 892 59 351 296 527 7 687 
327 120 5 327 537 10 383 803 737 683 641 235 721 777 678 380 234 211 629 753 330 8 330 248 32 241 870 116 363 18 815 184 409 874 841 285 508 360 848 585 378 401 71 105 401 496 572 409 31 887 870 825 284 502 127 246 788 852 197 289 795 398 451 318 473 57 219 473 615 368 183 410 159 325 596 339 483 18 159 818 561 767 703 266 238 126 893 782 876 460 638 157 180 554 378 61 668 221 473 398 
257 658 819 845 801 189 616 756 739 325 25 632 878 621 616 162 387 308 238 330 105 590 199 769 7 653 513 656 585 883 448 593 99 762 206 66 135 819 71 564 199 608 847 614 214 512 307 122 227 892 520 899 98 471 386 392 452 17 124 588 693 689 488 814 596 468 746 158 837 745 768 897 225 847 321 37 843 207 70 49 846 139 752 312 820 631 76 691 825 145 899 816 574 856 677 572 236 108 596 609 
732 858 288 144 4 830 527 649 519 368 474 701 261 655 566 827 613 362 380 18 28 789 113 441 323 96 431 240 531 435 332 682 482 650 44 752 357 601 768 333 773 294 519 426 83 233 582 512 336 625 352 612 24 445 696 302 373 58 705 477 658 411 781 850 770 380 653 827 259 216 397 718 618 177 581 765 652 113 771 76 286 774 542 541 809 197 262 648 442 48 192 636 320 117 529 624 81 138 106 361 
850 847 858 139 105 281 368 314 301 116 294 167 45 567 139 863 700 774 444 399 425 880 517 724 649 586 374 357 685 615 58 575 730 282 411 637 570 862 391 328 261 112 896 676 600 158 771 791 748 622 98 50 358 328 545 342 238 160 673 177 693 695 104 113 132 125 104 795 421 448 168 184 820 191 438 332 419 637 166 732 162 534 131 37 294 702 811 114 742 469 234 847 730 603 441 606 511 397 337 202 
415 463 17 117 299 451 843 338 482 54 87 312 312 822 437 574 791 208 318 51 377 123 652 411 330 389 801 415 87 228 329 21 587 563 327 488 777 514 846 775 682 831 239 19 769 747 462 706 260 852 305 861 220 80 341 250 439 138 124 151 105 440 289 825 582 804 653 880 730 11 6 558 887 551 27 630 522 847 807 896 314 5 649 106 810 815 335 88 585 334 813 223 576 63 677 426 222 7 129 266 
227 425 100 548 775 430 557 713 196 816 892 805 51 307 230 703 147 852 655 284 435 594 146 590 36 147 405 707 578 458 81 646 599 22 292 113 208 652 141 391 576 724 757 408 546 258 532 463 727 731 141 279 737 400 537 109 250 154 640 97 727 879 146 339 638 881 898 892 821 697 393 813 806 329 693 351 316 394 38 588 175 471 421 680 783 866 299 256 809 666 268 359 95 184 28 694 32 266 358 866 
463 813 331 386 760 666 549 322 60 383 573 566 406 146 674 808 46 270 20 666 769 678 427 538 84 759 767 278 430 321 391 490 393 544 109 507 640 123 222 647 250 825 62 582 469 740 701 455 305 526 887 363 779 466 178 845 809 886 606 320 243 706 842 161 783 38 517 895 109 699 797 195 842 552 667 740 103 55 555 252 656 345 762 297 50 889 265 205 227 847 27 3 376 765 375 746 881 703 615 863 
260 316 181 277 133 228 284 203 844 776 374 608 335 802 435 841 286 693 620 714 244 257 312 804 296 591 606 26 116 583 433 11 176 505 865 706 198 18 519 591 624 567 550 234 395 675 275 494 487 65 362 439 408 360 482 886 695 122 335 548 59 619 638 66 573 150 560 341 593 648 506 418 768 212 665 319 227 571 514 42 550 349 828 661 77 836 525 706 665 783 453 505 826 553 165 345 527 480 831 880 
483 547 23 281 263 344 549 26 140 762 591 29 898 898 578 227 225 660 169 680 523 247 102 565 382 123 555 287 707 809 630 691 111 344 344 375 589 705 656 424 417 856 548 60 480 50 388 666 367 478 273 243 48 532 676 763 798 35 716 357 180 466 61 291 433 329 685 850 891 193 788 188 786 657 859 27 610 126 590 541 364 66 374 592 448 112 592 216 358 827 359 242 139 263 748 96 50 296 496 878 
308 86 837 103 623 1 841 845 230 594 500 893 254 294 404 142 24 169 481 843 227 201 2 123 338 861 434 501 605 600 232 656 636 410 417 893 877 392 410 690 608 75 789 369 791 839 35 706 139 673 369 373 644 27 595 836 695 802 716 207 322 564 48 708 272 708 290 357 547 831 286 196 306 267 214 790 167 305 111 783 353 539 326 442 229 240 827 640 386 443 47 553 470 610 5 209 471 371 42 532 
42 20 725 281 218 388 851 152 557 765 275 430 551 2 350 88 647 72 190 619 217 193 360 856 492 493 599 832 849 73 243 733 644 256 86 25 864 400 732 522 145 353 609 195 447 8 319 134 836 423 44 182 790 675 246 739 748 165 62 568 119 169 82 13 587 840 766 433 590 321 636 677 895 306 563 749 820 856 733 766 655 57 221 661 1 560 16 463 838 878 497 234 588 699 470 799 615 366 565 832 
74 178 737 600 248 93 558 557 271 158 382 517 465 306 620 812 404 702 397 636 543 316 478 606 224 815 773 60 178 736 419 308 888 582 721 216 323 112 386 170 266 242 268 558 76 162 146 781 53 204 38 497 722 695 811 415 387 621 237 104 178 240 64 766 794 31 365 656 884 265 806 265 300 584 789 202 211 857 307 107 227 186 743 535 412 131 777 849 306 601 735 846 59 476 611 108 90 264 597 825 
607 483 315 577 194 180 55 868 834 383 511 616 403 348 600 441 260 373 623 889 432 23 587 178 139 3 337 490 663 577 101 303 313 730 14 599 498 3 398 317 290 568 274 292 748 606 484 748 726 867 135 7 477 171 205 230 20 645 858 59 798 442 308 777 266 633 5 478 290 11 640 217 702 369 243 148 526 560 257 863 446 890 268 826 886 10 49 39 13 862 258 320 737 815 775 72 376 590 829 855 
810 177 384 375 735 776 440 748 429 190 233 667 37 323 245 203 94 886 134 552 775 741 125 201 355 4 778 491 533 660 25 326 225 690 589 7 335 647 419 283 614 428 613 348 826 140 627 109 666 765 565 687 73 76 150 553 253 829 9 843 600 771 111 678 463 888 668 602 860 668 173 466 660 418 785 401 885 819 446 513 496 689 594 204 519 819 627 388 461 395 252 243 90 147 765 224 584 125 653 192 
410 497 497 105 512 256 756 730 431 534 601 771 138 856 665 236 569 124 686 72 102 152 271 80 125 580 508 99 137 667 828 512 331 884 293 258 640 787 788 77 759 359 630 730 876 40 738 791 660 376 60 294 628 337 553 85 539 827 628 296 504 868 296 375 313 283 491 148 246 533 859 227 73 701 707 895 552 835 860 752 671 595 20 73 788 667 775 463 812 574 149 30 328 195 583 333 427 245 700 385 
490 772 138 171 193 896 873 461 608 116 800 539 827 897 272 878 389 172 293 458 399 278 166 810 42 295 67 877 354 554 392 602 726 294 745 674 748 883 744 181 475 170 47 718 98 367 94 872 667 638 391 889 368 60 412 300 612 334 777 475 117 290 47 390 840 605 184 443 114 64 700 398 482 475 670 523 298 451 64 177 523 260 764 717 167 70 319 255 297 427 165 400 288 569 213 898 344 559 750 656 
405 610 328 313 420 682 332 766 187 831 864 801 80 885 502 273 653 494 327 388 54 702 66 268 147 371 237 533 12 662 820 101 155 185 186 517 241 863 748 32 667 153 546 213 194 407 375 566 529 482 208 2 794 71 606 698 55 344 844 324 578 201 331 740 203 125 528 459 589 570 449 812 288 863 300 341 614 205 344 211 275 284 6 858 397 894 359 123 715 596 822 358 273 276 696 706 505 695 287 243 
141 839 388 139 477 772 152 496 182 771 785 629 184 547 568 339 299 715 322 842 312 407 131 848 354 771 190 409 258 225 427 668 64 755 705 589 307 55 896 523 441 849 34 684 726 886 111 822 869 158 311 800 604 685 803 862 108 722 240 401 637 312 547 819 91 148 360 505 625 190 730 881 388 95 238 611 184 747 355 471 302 800 761 417 465 39 601 123 415 609 153 602 831 785 889 107 644 335 364 12 
127 884 255 395 85 549 238 55 615 341 756 109 719 627 562 748 379 543 631 851 351 596 798 379 738 806 491 401 713 681 551 769 186 77 342 141 855 335 558 399 661 280 674 684 838 13 856 293 273 871 631 852 53 899 23 800 236 800 466 92 346 764 103 81 552 609 133 622 582 289 542 104 369 840 436 365 605 812 872 726 255 625 410 56 388 846 468 214 813 896 726 765 485 381 829 756 588 116 838 298 
215 399 522 433 868 529 643 716 328 761 90 424 41 547 47 319 381 882 689 305 3 149 390 691 68 445 617 345 567 70 138 86 125 502 182 95 28 55 696 520 841 513 246 778 427 303 224 186 686 765 597 568 516 18 244 804 563 79 715 472 743 707 117 126 517 280 357 69 36 158 100 322 74 35 628 414 58 699 827 492 321 840 889 236 43 893 646 521 528 94 618 2 443 496 227 517 485 3 172 376 
185 711 766 54 654 42 243 600 50 566 709 234 98 400 182 116 385 493 553 124 321 48 811 275 443 103 723 216 23 685 803 812 117 184 169 507 666 404 684 581 265 772 630 660 87 15 245 793 821 742 665 549 458 448 66 770 596 393 703 267 183 860 814 744 715 314 24 61 725 100 767 72 749 417 518 113 358 679 569 786 75 324 646 687 17 382 271 540 401 135 25 773 47 706 288 217 343 538 684 657 
339 494 460 531 253 65 737 90 771 327 197 560 284 491 799 291 40 790 6 213 398 623 90 162 825 621 95 646 778 854 401 23 813 98 146 487 778 312 818 82 484 14 756 519 858 727 230 301 826 292 66 724 244 855 402 219 488 684 821 156 335 68 399 510 213 708 135 215 862 354 402 34 415 810 363 474 492 384 481 348 340 424 601 781 102 593 696 520 401 455 279 778 414 207 373 299 166 368 85 824 
864 687 629 218 411 602 822 342 387 442 97 188 672 238 413 833 848 331 450 396 859 609 829 517 224 506 621 189 325 38 809 669 581 39 7 129 113 154 385 550 293 849 594 602 108 434 727 572 307 796 842 572 150 608 419 221 583 727 73 205 344 158 875 44 691 34 752 83 424 486 663 731 301 153 855 326 896 128 851 161 410 580 53 627 691 291 152 309 326 169 634 863 730 321 167 249 617 365 811 725 
608 462 250 824 315 699 570 755 411 821 180 237 569 107 135 266 392 82 649 406 794 824 144 470 759 333 456 193 291 222 205 287 457 798 728 546 420 197 229 874 689 259 164 679 172 569 508 217 763 622 818 483 77 420 478 854 564 547 3 524 726 263 291 192 292 54 130 249 675 525 393 691 162 171 537 40 588 654 863 267 36 761 719 413 206 685 350 204 640 672 553 765 45 806 526 557 796 646 380 796 
